[40][1][5][4462.png][265]
[14][1][48][4599.png][327]
[17][1][47][4574.png][347]
[24][1][49][4499.png][168]
[29][1][50][4718.png][271]
[33][1][52][4547.png][166]
[46][1][51][4489.png][300]
[49][1][54][2410.png][249]
[42][1][55][4418.png][300]
[8][1][57][4475.png][310]
[43][1][53][4480.png][282]
[38][1][59][4378.png][221]
[19][1][56][4540.png][236]
[14][2][58][4589.png][289]
[5][1][61][4516.png][248]
[37][1][60][4472.png][222]
[11][1][62][4498.png][204]
[30][1][63][4066.png][283]
[7][1][64][4449.png][258]
[27][1][65][4496.png][303]
[31][1][66][4642.png][286]
[0][1][67][4478.png][222]
[15][1][69][59528.png][278]
[10][1][68][4443.png][259]
[36][1][70][4429.png][275]
[45][1][71][4415.png][329]
[13][1][72][4576.png][308]
[28][1][73][4538.png][295]
[18][1][74][4494.png][274]
[2][1][75][4568.png][292]
[44][1][76][4603.png][339]
[26][1][77][4493.png][303]
[21][1][79][4479.png][177]
[20][1][78][10982.png][257]
[16][1][80][4502.png][281]
[32][1][81][4461.png][282]
[1][1][82][4466.png][193]
[48][1][83][7160.png][271]
